diamond 7 2608瘍怢瑞繚噤
HIGOS           2608   1            9

  2026  06  21  12  000         131.0         16.3        0.0        0.0     0.0       0.0       0.0       0.0
  2026  06  21  12  012         128.7         18.1        0.0        0.0     0.0       0.0       0.0       0.0
  2026  06  21  12  024         127.2         19.6        0.0        0.0     0.0       0.0       0.0       0.0
  2026  06  21  12  036         126.4         20.8        0.0        0.0     0.0       0.0       0.0       0.0
  2026  06  21  12  048         126.3         21.7        0.0        0.0     0.0       0.0       0.0       0.0
  2026  06  21  12  060         126.6         22.4        0.0        0.0     0.0       0.0       0.0       0.0
  2026  06  21  12  072         127.1         23.4        0.0        0.0     0.0       0.0       0.0       0.0
  2026  06  21  12  096         131.8         27.4        0.0        0.0     0.0       0.0       0.0       0.0
  2026  06  21  12  120         137.5         32.9        0.0        0.0     0.0       0.0       0.0       0.0
