diamond 7 2609瘍怢瑞繚噤
BAVI            2609   1            9

  2026  07  08  12  000         131.9         17.3        0.0        0.0     0.0       0.0       0.0       0.0
  2026  07  08  12  012         130.3         18.2        0.0        0.0     0.0       0.0       0.0       0.0
  2026  07  08  12  024         128.7         19.5        0.0        0.0     0.0       0.0       0.0       0.0
  2026  07  08  12  036         127.0         20.8        0.0        0.0     0.0       0.0       0.0       0.0
  2026  07  08  12  048         125.1         22.2        0.0        0.0     0.0       0.0       0.0       0.0
  2026  07  08  12  060         122.8         24.4        0.0        0.0     0.0       0.0       0.0       0.0
  2026  07  08  12  072         121.4         26.2        0.0        0.0     0.0       0.0       0.0       0.0
  2026  07  08  12  096         117.3         30.6        0.0        0.0     0.0       0.0       0.0       0.0
  2026  07  08  12  120         116.6         32.9        0.0        0.0     0.0       0.0       0.0       0.0
