diamond 7 2608瘍怢瑞繚噤
HIGOS           2608   1            9

  2026  06  25  18  000         134.0         22.3     1001.0       19.6     0.0       0.0       0.0       0.0
  2026  06  25  18  006         133.7         24.6     1003.9       18.2     0.0       0.0       0.0       0.0
  2026  06  25  18  012         134.2         27.7      999.8       27.4     0.0       0.0       0.0       0.0
  2026  06  25  18  018         135.3         30.8     1001.1       24.5     0.0       0.0       0.0       0.0
  2026  06  25  18  024         137.8         33.6      999.4       23.5     0.0       0.0       0.0       0.0
  2026  06  25  18  030         136.4         32.2     1001.7       31.0     0.0       0.0       0.0       0.0
  2026  06  25  18  036         137.4         33.6      991.6       30.6     0.0       0.0       0.0       0.0
  2026  06  25  18  042         139.9         34.7      997.3       20.4     0.0       0.0       0.0       0.0
  2026  06  25  18  048         142.6         36.0      999.4       18.6     0.0       0.0       0.0       0.0
